## ListNet
## Epochs = 1500
## No. of features = 46
1 2 3 4 5 6 7 8 9 10 11 12 13 14 15 16 17 18 19 20 21 22 23 24 25 26 27 28 29 30 31 32 33 34 35 36 37 38 39 40 41 42 43 44 45 46
0
0 0 0.146041192201905
0 1 0.0539314155405036
0 2 0.03588673039835414
0 3 0.08851170740321929
0 4 -0.028288409046419754
0 5 -0.017361843958497047
0 6 0.00861899834126234
0 7 -0.024290304630994797
0 8 0.06324240565299988
0 9 -0.025105154141783714
0 10 0.003240301394233037
0 11 0.14561727101656374
0 12 0.20961625648316254
0 13 0.006229449244301878
0 14 0.13227204863435926
0 15 -0.032076526988888535
0 16 -0.01609822346096669
0 17 0.05466739082921866
0 18 -0.06137580567076214
0 19 0.11166910082836289
0 20 0.24478855619238304
0 21 0.21505105305629285
0 22 0.24099081362540292
0 23 0.3008159213993167
0 24 0.062389618950484026
0 25 0.004115815794026131
0 26 0.0840475880904624
0 27 0.08592660786123535
0 28 0.1394060618454839
0 29 0.07400233737476007
0 30 0.13985403649011435
0 31 0.12646327574537822
0 32 0.05320256304699341
0 33 -0.02523054022173209
0 34 0.006700614534886783
0 35 0.09881857356261084
0 36 0.17461632861202514
0 37 0.29488020672089643
0 38 0.19552407099702548
0 39 0.1916563054080807
0 40 -0.14761371691440514
0 41 0.018849254725184787
0 42 -0.0648050457239151
0 43 0.023802561422931977
0 44 0.0904856102639541
0 45 -0.006931001356982518
0 46 -0.0868469625711441
