## RankNet
## Epochs = 100
## No. of features = 46
## No. of hidden layers = 1
## Layer 1: 10 neurons
1 2 3 4 5 6 7 8 9 10 11 12 13 14 15 16 17 18 19 20 21 22 23 24 25 26 27 28 29 30 31 32 33 34 35 36 37 38 39 40 41 42 43 44 45 46
1
10
0 0 0.05313130394188945 0.07035092494139165 0.06371348400222974 0.028399757631807854 -0.011342466231227769 0.056849734961947104 0.12781555356894958 -0.026188589869172496 0.09733723987001902 0.06570167706265205
0 1 0.038251712187386745 -0.08913282110795755 0.016396051825570964 -0.10017175085716867 0.018675316920978874 -0.06044767503800236 -0.021632860251316544 -0.07874944161482077 0.07109453248147182 -0.010845107432201158
0 2 0.031015687150304956 0.05885481142524674 0.03717980424439795 -0.11350643121042381 0.11390765147538683 -0.09226706515219203 -0.0029982808057542197 -0.05336423397514417 0.020437694054558062 0.12588906591389426
0 3 0.09235232234200477 -0.0055576037178182896 -0.06319364733169947 -0.06632642257667504 -0.0783018861480176 -0.08090340191804939 -0.012473254116070996 0.07895543367543839 -0.09274893378375752 0.019568249879633053
0 4 -0.04013635102247825 -0.012036685905912798 0.08089203733867255 0.04627123140255761 0.05566681804115315 -0.04883290225542648 -0.03050116909191367 -0.11148775296679202 0.07584429220005498 -0.02364633790349076
0 5 0.0019278466934338212 -0.029721837490797043 0.08491507917642593 0.07602538913488388 -0.015854323282837868 0.006398838944733143 -0.06976263225078583 0.07254204899072647 -0.022289197891950607 -0.04079816862940788
0 6 0.03879985213279724 -0.00989522971212864 -0.055629510432481766 0.028263842687010765 -0.07838697731494904 -0.07770542800426483 -0.0013212620979174972 0.05786312744021416 -0.012798708863556385 -0.07785509526729584
0 7 -0.08522762358188629 0.0724300667643547 0.0639464259147644 0.07777465879917145 0.02461949549615383 -0.05212784558534622 -0.0888313427567482 -0.016942525282502174 0.09441692382097244 -0.04158920794725418
0 8 0.052507661283016205 -0.047449253499507904 -0.07451696693897247 0.07243241369724274 -0.07685419917106628 0.004026973154395819 -0.021875614300370216 -0.055313486605882645 0.003597342874854803 -0.0541207417845726
0 9 -0.05446838587522507 -0.02866385504603386 -0.023798048496246338 -0.07437945902347565 0.04333626106381416 -0.05487561225891113 0.05540978163480759 -0.03636970371007919 0.08363066613674164 0.04893512278795242
0 10 -0.09845163517201436 -0.07250358488607934 -0.06332154329659549 -0.003394057398349599 0.0629844597247737 0.012718325171343494 -0.06778653602815944 0.08037513272661248 0.10792672787656078 0.03543386480933598
0 11 0.049667348080223786 -0.08943009056327111 -0.06945868687328056 -0.03363644994063659 0.14219076232498493 -0.07422317103463184 0.03039926449907426 -0.08618317999238208 -9.968426871794333E-4 0.07747337457759748
0 12 0.06948963632388139 -0.023104910142627694 -0.08376201237508675 -0.07856467074169589 0.06191956603243584 -0.012072780509240886 0.006222120849888813 0.018543790978831107 0.07201212672532718 0.11581191264141123
0 13 -0.028874300967928042 0.04767031093584805 -0.09807686037153215 0.002015183867315705 0.030635415984715798 0.0642623285913296 0.10950025990269946 0.08265496061675123 0.08315626206112205 -0.07332070780845994
0 14 -0.018684804142142394 0.03215531293580407 -2.472991309537834E-4 0.040752357909331065 0.03270677413200937 0.021251219472634024 0.10819815233179109 -0.03672633647746052 0.05036477742010561 -0.009407694260610253
0 15 -0.02876755648215867 0.04804801417633529 -0.09712239277041505 0.07650988926531258 -0.06472139122051691 -0.06385082835177988 0.041807317570706 -0.044643034057018346 0.0665344434715138 -0.0614996877584907
0 16 -0.07710526571846964 -0.01936928457791511 0.05917626793301193 -0.022687328811895075 -0.018604814282236933 -0.025320303047788168 -0.07181930203535138 -0.03277303134236012 0.04617577323018924 0.09766410590818683
0 17 -0.05540916825111178 -0.059782050626593045 -0.02444524306493856 -0.013762544844410616 -0.03572296240012257 -0.004593427761908439 0.04633400849902145 0.025796560310136423 -0.003647832745669928 0.07454955776156834
0 18 0.012658457706348308 0.07865324595062369 -0.06945782474073287 0.08804333617606694 0.0028093838293677133 0.027376415203940407 -0.14021588028176996 -0.006371990791013433 -0.00656208793515071 -0.043681666354325334
0 19 -0.01785854239203994 0.0856180291577604 0.07745393619268756 0.0444034158229106 -0.048099718859445695 -0.0838269045837059 -0.04073574698226706 0.012461962670720146 -0.06821345503566681 -0.04442081491004945
0 20 -0.10772840477495255 -0.09950841026737887 -0.05314619053080245 -0.1377487034856219 0.19886709577584727 0.03149790372509004 0.09872584318298727 -0.17220367983497872 0.03458326843108912 0.07305265488089156
0 21 0.037881629078933894 0.020173899743406217 -0.015707078765431117 -0.0900136851734227 0.2557703828272631 0.014728323745504174 0.13917447491010507 -0.1807993742672789 0.07179154100027442 0.12057326690186386
0 22 -0.06292254092392885 0.029485121032394274 -0.07264305356583665 -0.0049573431633136555 0.1727961423008419 -0.01802195695377687 0.17811600545084055 -0.12624840385043162 0.023561933644545226 0.12420832009999452
0 23 0.04541196551676425 0.030340562870515744 -0.06346579448273879 -0.022676752128233366 0.23345631451065418 -0.14229100252406898 0.2507618710385685 -0.15230623829336382 0.031766993621266656 0.033996260245424716
0 24 0.08698045114233593 -0.10483549294536554 0.047881949340654616 0.05502741551194821 0.11103922356708158 0.05805238960678272 0.14290388608908158 -0.07398923647371927 0.06351413379257688 0.07510685512453488
0 25 -0.06520486235974501 -0.09206864038701021 0.03365734476380384 -0.030286487345576454 -0.00337724702113163 0.03175417387800525 0.052234872718360685 -0.11111030680272692 -0.06911871240198303 0.032526774746538575
0 26 -0.08879726856342314 -0.061400623405618096 -0.010572559195822668 0.042354127527621195 0.15764515259860717 0.04969137496716459 0.05895261538264591 0.04190485917972443 0.08146295388312752 0.06432491191461288
0 27 0.06945527019414853 -0.014878294276161125 -0.029487912454652303 -0.0478882850625637 0.08541716391162343 -0.07513733122436686 0.14748655407887892 -0.04910712991164691 0.05627222364010716 0.0837260416461938
0 28 -0.055929275686817985 -0.10367217234122164 -0.09102673751867377 0.0065459350712855895 0.10109757563258966 -0.10300457655542569 0.1584496723852229 0.05204862723546302 0.10388195203779188 0.07828224828297387
0 29 0.0017780350488653936 -0.04936900843562448 0.06069015328784671 -0.04116216754509625 0.027820365548967746 0.011804045344588572 0.06032681544455727 -0.02707372926760922 -0.005393123297673327 -0.06910829494494597
0 30 0.08979561582645659 0.0026481771153487616 -0.09167664765342867 -0.026155921381964726 0.08829488769394889 -0.0864898863634343 0.05393815117636672 -0.009768132306042112 -0.024578608583638792 -0.06412666285179335
0 31 -0.09421383031941262 -0.12660431415697176 -0.02102138197855162 -0.08323360679636818 0.12599740324770417 0.0326967120210234 0.025731770954595477 0.05646218973989506 0.08111097727358257 0.10568179222624653
0 32 -0.09715705191993741 -0.04237110160756386 0.0703945307811087 0.06667424504572049 0.06447564836863662 -0.030788644958379394 0.055009108369325634 -0.020337381980808613 0.04614749349062958 0.05068709381273518
0 33 -0.04698210478911946 0.03352848796113295 0.08853658063242675 -0.09101806144449005 0.030924175816386082 0.01938874614621213 -0.020455652320157166 -0.04576297452847695 -0.05727346303948976 0.02807959789103112
0 34 -0.012361879094286765 0.062263814553926294 -0.004078173792827404 -0.09794953174193842 -0.03655643959576871 -0.046014930822346395 0.11652541928030101 0.030894892552488337 0.0012223089384957224 -0.013513861892974042
0 35 -0.06515937989667807 0.08257779242058627 -0.061078176872871814 0.014841940197298793 0.05405762893783988 0.054461268342614916 0.04297488732591005 -0.07626862040064267 0.10575960628020961 0.06734680886825133
0 36 0.05469745611072412 1.3500881533849775E-4 -0.0982935268624831 0.028826358818711078 0.2408305956544322 -0.11771701410058799 0.19492494551817274 -0.0425813573084654 0.11239309737605996 -0.004031859543345841
0 37 -0.05758776581717741 -0.03650402786732564 0.025073744508187962 -0.15988236861844352 0.20409955071326483 -0.08766249271420465 0.14519963684721965 -0.057367573219416636 -0.02706148732001216 0.08657928096793574
0 38 -0.10843138015721228 -0.004061757202194402 -0.11342037518272857 -0.1467170742518566 0.20271886565772002 -0.009916030592409857 0.24569185795279783 -0.1197157171648464 0.03185611919374899 0.14388470839224898
0 39 -0.08896436978941212 -0.08736000388095011 -0.0555676302569573 -0.0660654819067493 0.12789902842299797 -0.0819849875943947 0.2314007381576984 -0.11022766913664941 0.009937381524082422 0.15600337855417107
0 40 -0.020256129955394025 -0.0055323951955705 0.06809375109885216 0.002919903189058166 -0.1065529509823497 0.08368391341341691 -0.13138037660917512 -0.03770975648146286 -0.07027702367455188 -0.025481960537413476
0 41 0.0701686983158309 0.10266073780360455 -0.056291199695382106 -0.035238086200046086 -0.09270342958815703 0.032864144590002434 -0.13254313313462276 0.01007253586843788 0.046061467053783695 -0.10897940109714521
0 42 -0.09338704496622086 -0.03454503417015076 0.04553096368908882 -0.051054615527391434 -0.041894517838954926 0.00707478541880846 -0.09690850228071213 0.04306991770863533 0.0841020718216896 -0.04828872159123421
0 43 0.02902327454461058 -0.03343583953558148 0.05619108960464795 -0.08307572312375588 -0.013790930614570714 -0.09070108364854881 -0.07362604216148698 -0.03751772397271714 -0.008391685224972212 0.0708453444158084
0 44 0.07659749474553877 0.060861027898025825 0.06928261038538296 0.010225028716195276 -0.08855555371719083 0.04166912087395746 -0.023273404875208188 -0.03603353852671127 -0.03852573989635013 -0.0725704806533474
0 45 0.04519893655532399 -0.025253400264047765 -0.010048314344186305 -0.024090714713258753 0.056701263104625824 0.014681378857686448 0.055541749111694544 -0.02241063674056355 -0.05698402233360798 0.022185896711860793
0 46 0.08848122614208775 -0.01528590473303911 -0.08962341959880561 -0.0528092874217116 0.03458872783225379 -0.004117361997516232 0.06869543241262158 0.07041221552004946 0.044332992650685715 0.04064381450545615 -0.009567810746095584
1 0 -0.1096427206296773
1 1 -0.15605609358841205
1 2 -0.16365598738290263
1 3 -0.25553879108780647
1 4 0.6263395133784653
1 5 -0.19104770802462379
1 6 0.5877849787089037
1 7 -0.3431699685627357
1 8 0.1739955557753829
1 9 0.30086956847578955
